Past draw results of lottery South Africa Daily Lotto of the year 2019 Year 2019 (from 2019)
Date	SERIES					
2019-12-31	29	02	26	04	05	
2019-12-30	07	13	17	30	14	
2019-12-29	16	04	34	12	36	
2019-12-28	30	31	29	23	32	
2019-12-27	16	35	04	27	13	
2019-12-26	23	36	06	25	12	
2019-12-24	22	11	25	16	08	
2019-12-23	21	36	11	05	19	
2019-12-22	02	13	22	35	12	
2019-12-21	31	34	17	03	24	
2019-12-20	21	07	03	20	35	
2019-12-19	01	09	05	23	15	
2019-12-18	05	11	32	35	21	
2019-12-17	16	05	25	20	12	
2019-12-16	22	10	20	27	08	
2019-12-15	19	30	20	35	04	
2019-12-14	05	06	07	34	22	
2019-12-13	36	06	24	21	09	
2019-12-12	20	27	31	11	36	
2019-12-11	11	09	15	23	05	
2019-12-10	19	33	05	07	31	
2019-12-09	14	22	25	27	04	
2019-12-08	08	06	22	09	36	
2019-12-07	22	28	35	09	08	
2019-12-06	21	29	30	02	36	
2019-12-05	33	01	36	21	16	
2019-12-04	09	06	03	10	11	
2019-12-03	04	33	25	22	08	
2019-12-02	30	01	31	21	36	
2019-12-01	14	26	04	30	03	
2019-11-30	34	22	16	29	26	
2019-11-29	28	22	33	23	36	
2019-11-28	17	12	28	34	04	
2019-11-27	34	35	25	36	09	
2019-11-26	07	26	02	35	15	
2019-11-25	19	08	04	34	18	
2019-11-24	06	19	34	12	27	
2019-11-23	22	11	27	29	31	
2019-11-22	22	19	32	15	06	
2019-11-21	04	23	11	12	21	
2019-11-20	04	30	19	24	08	
2019-11-19	21	23	27	34	25	
2019-11-18	14	20	24	36	07	
2019-11-17	16	18	23	33	06	
2019-11-16	02	09	01	31	19	
2019-11-15	31	05	07	26	16	
2019-11-14	21	26	15	08	12	
2019-11-13	13	23	17	07	25	
2019-11-12	30	14	02	09	07	
2019-11-11	13	31	34	09	26	
2019-11-10	20	32	23	34	10	
2019-11-09	02	36	07	01	32	
2019-11-08	13	23	32	33	30	
2019-11-07	03	05	30	32	19	
2019-11-06	02	28	20	16	22	
2019-11-05	13	25	35	05	09	
2019-11-04	34	08	06	21	33	
2019-11-03	06	21	28	24	36	
2019-11-02	12	02	20	24	31	
2019-11-01	09	30	06	22	15	
2019-10-31	12	36	21	17	15	
2019-10-30	18	30	24	32	21	
2019-10-29	09	05	06	02	07	
2019-10-28	36	18	28	34	23	
2019-10-27	07	05	09	28	06	
2019-10-26	09	33	22	02	36	
2019-10-25	31	10	19	16	29	
2019-10-24	35	03	10	32	01	
2019-10-23	21	04	17	29	30	
2019-10-22	23	02	32	08	18	
2019-10-21	29	19	27	34	28	
2019-10-20	19	16	34	06	17	
2019-10-19	08	16	26	11	30	
2019-10-18	13	18	36	15	02	
2019-10-17	04	25	31	18	20	
2019-10-16	22	09	17	25	02	
2019-10-15	27	09	18	25	15	
2019-10-14	06	11	19	22	31	
2019-10-13	25	08	07	05	27	
2019-10-12	28	18	17	36	01	
2019-10-11	14	22	11	10	24	
2019-10-10	05	36	28	22	06	
2019-10-09	13	29	32	20	35	
2019-10-08	24	13	31	15	27	
2019-10-07	24	25	21	36	22	
2019-10-06	12	08	10	02	27	
2019-10-05	33	03	06	24	09	
2019-10-04	01	09	03	26	32	
2019-10-03	21	23	06	13	07	
2019-10-02	26	32	17	33	02	
2019-10-01	34	11	27	17	28	
2019-09-30	18	04	25	03	08	
2019-09-29	12	06	19	31	13	
2019-09-28	33	08	28	09	31	
2019-09-27	28	33	19	22	21	
2019-09-26	14	11	03	24	27	
2019-09-25	04	28	13	23	12	
2019-09-24	31	27	35	34	10	
2019-09-23	30	29	20	21	02	
2019-09-22	25	14	27	10	02	
2019-09-21	23	17	28	14	29	
2019-09-20	23	07	31	34	26	
2019-09-19	10	15	12	23	16	
2019-09-18	12	15	25	23	10	
2019-09-17	20	12	34	36	27	
2019-09-16	12	23	21	11	27	
2019-09-15	27	02	03	09	12	
2019-09-14	08	11	15	35	14	
2019-09-13	05	25	30	33	29	
2019-09-12	24	20	06	04	29	
2019-09-11	01	32	16	21	26	
2019-09-10	03	01	11	33	15	
2019-09-09	03	19	23	12	10	
2019-09-08	12	10	19	27	15	
2019-09-07	14	04	29	02	25	
2019-09-06	10	06	27	25	26	
2019-09-05	12	22	09	29	01	
2019-09-04	24	05	20	36	23	
2019-09-03	30	01	18	10	04	
2019-09-02	24	33	14	26	17	
2019-09-01	29	02	03	16	36	
2019-08-31	29	08	06	22	13	
2019-08-30	17	24	26	36	33	
2019-08-29	13	09	02	34	05	
2019-08-28	31	26	14	20	22	
2019-08-27	12	29	02	27	05	
2019-08-26	17	28	29	27	36	
2019-08-25	12	17	18	15	16	
2019-08-24	26	27	23	16	33	
2019-08-23	29	23	20	07	35	
2019-08-22	23	07	18	32	29	
2019-08-21	26	13	32	21	06	
2019-08-20	35	01	02	31	22	
2019-08-19	11	02	20	09	18	
2019-08-18	15	29	06	16	02	
2019-08-17	05	02	16	08	26	
2019-08-16	34	04	21	19	24	
2019-08-15	32	36	23	09	02	
2019-08-14	21	28	18	31	07	
2019-08-13	12	33	02	28	26	
2019-08-12	17	15	30	23	06	
2019-08-11	26	05	14	20	34	
2019-08-10	28	13	03	32	22	
2019-08-09	14	16	15	27	17	
2019-08-08	21	29	06	07	03	
2019-08-07	07	26	16	09	15	
2019-08-06	15	28	24	10	13	
2019-08-05	36	15	23	10	20	
2019-08-04	03	35	30	08	21	
2019-08-03	13	34	27	14	29	
2019-08-02	15	32	29	03	21	
2019-08-01	33	12	36	21	25	
2019-07-31	13	11	05	19	35	
2019-07-30	01	12	07	25	13	
2019-07-29	33	17	15	14	06	
2019-07-28	03	02	12	35	10	
2019-07-27	31	18	03	35	19	
2019-07-26	19	36	13	27	35	
2019-07-25	16	05	02	21	13	
2019-07-24	28	18	05	29	14	
2019-07-23	02	34	17	06	26	
2019-07-22	06	24	28	09	15	
2019-07-21	20	09	29	35	14	
2019-07-20	09	13	22	35	31	
2019-07-19	10	28	31	11	06	
2019-07-18	29	04	20	28	36	
2019-07-17	35	19	29	04	32	
2019-07-16	18	26	08	25	11	
2019-07-15	22	20	16	30	08	
2019-07-14	33	26	11	23	27	
2019-07-13	03	09	32	31	02	
2019-07-12	21	24	08	06	19	
2019-07-11	25	10	03	36	35	
2019-07-10	23	09	27	07	26	
2019-07-09	22	15	27	31	24	
2019-07-08	13	04	31	20	08	
2019-07-07	02	06	13	25	09	
2019-07-06	24	02	16	11	12	
2019-07-05	27	02	24	33	20	
2019-07-04	01	05	03	35	18	
2019-07-03	24	09	07	01	26	
2019-07-02	13	14	08	28	35	
2019-07-01	13	33	02	26	10	
2019-06-30	27	04	17	10	21	
2019-06-29	05	27	15	01	09	
2019-06-28	09	10	21	08	36	
2019-06-27	06	31	04	25	36	
2019-06-26	26	33	15	36	32	
2019-06-25	18	01	04	03	16	
2019-06-24	04	19	30	07	23	
2019-06-23	15	07	14	24	23	
2019-06-22	25	35	33	11	02	
2019-06-21	27	26	14	07	35	
2019-06-20	28	19	23	33	26	
2019-06-19	30	08	17	04	18	
2019-06-18	03	25	10	12	32	
2019-06-17	17	09	08	20	28	
2019-06-16	08	33	20	29	14	
2019-06-15	28	33	15	21	13	
2019-06-14	32	01	02	18	04	
2019-06-13	34	27	03	18	19	
2019-06-12	33	20	34	17	06	
2019-06-11	13	04	30	14	18	
2019-06-10	22	25	07	35	28	
2019-06-09	34	32	35	13	22	
2019-06-08	28	36	18	05	31	
2019-06-07	06	15	24	28	23	
2019-06-06	36	15	17	35	30	
2019-06-05	20	06	28	36	09	
2019-06-04	16	35	33	29	22	
2019-06-03	06	03	22	10	23	
2019-06-02	24	03	25	18	16	
2019-06-01	26	14	12	34	19	
2019-05-31	35	25	02	04	36	
2019-05-30	11	23	05	06	30	
2019-05-29	19	28	20	32	33	
2019-05-28	13	15	14	09	25	
2019-05-27	05	17	21	19	02	
2019-05-26	15	30	09	27	16	
2019-05-25	06	10	34	21	31	
2019-05-24	31	11	20	02	09	
2019-05-23	01	17	36	29	16	
2019-05-22	25	14	15	11	06	
2019-05-21	26	34	02	12	28	
2019-05-20	22	28	31	25	11	
2019-05-19	12	33	21	01	34	
2019-05-18	21	33	31	07	15	
2019-05-17	26	20	10	29	15	
2019-05-16	34	18	33	14	05	
2019-05-15	07	06	32	17	13	
2019-05-14	06	20	22	04	25	
2019-05-13	08	16	28	24	32	
2019-05-12	36	33	06	01	17	
2019-05-11	36	07	06	28	11	
2019-05-10	19	05	09	26	31	
2019-05-09	19	34	13	18	08	
2019-05-08	06	22	21	07	15	
2019-05-07	22	25	03	11	12	
2019-05-06	29	32	25	16	14	
2019-05-05	29	34	05	32	26	
2019-05-04	26	17	11	15	25	
2019-05-03	08	35	24	27	05	
2019-05-02	16	14	24	08	05	
2019-05-01	04	33	29	02	06	
2019-04-30	05	28	25	20	03	
2019-04-29	05	15	36	16	25	
2019-04-28	18	26	30	34	32	
2019-04-27	21	29	18	28	13	
2019-04-26	33	28	23	01	34	
2019-04-25	28	19	04	14	33	
2019-04-24	19	24	12	18	08	
2019-04-23	02	35	36	11	08	
2019-04-22	20	09	16	21	30	
2019-04-21	09	29	07	02	01	
2019-04-20	36	03	24	30	06	
2019-04-19	19	03	05	15	24	
2019-04-18	10	22	12	14	20	
2019-04-17	32	27	08	34	23	
2019-04-16	17	02	27	07	24	
2019-04-15	19	05	28	33	04	
2019-04-14	03	26	24	17	23	
2019-04-13	30	05	34	33	18	
2019-04-12	04	08	19	36	34	
2019-04-11	01	29	14	19	07	
2019-04-10	24	05	10	15	29	
2019-04-09	16	31	06	24	30	
2019-04-08	15	13	11	19	31	
2019-04-07	20	35	23	06	34	
2019-04-06	17	24	36	25	04	
2019-04-05	36	35	27	15	13	
2019-04-04	01	03	10	16	36	
2019-04-03	08	14	16	33	34	
2019-04-02	05	21	22	26	32	
2019-04-01	03	10	23	25	36	
2019-03-31	01	15	23	32	34	
2019-03-30	16	17	24	25	30	
2019-03-29	01	05	06	27	31	
2019-03-28	07	20	30	31	34	
2019-03-27	04	05	10	12	25	
2019-03-26	02	09	13	30	32	
2019-03-25	10	11	12	19	23	
2019-03-24	01	21	24	28	29	
2019-03-23	03	07	10	13	17	
2019-03-22	09	12	17	33	35	
2019-03-21	02	07	10	14	23	
2019-03-20	02	16	19	29	33	
2019-03-19	07	09	11	19	26	
2019-03-18	01	18	29	33	36	
2019-03-17	05	09	15	21	36	
2019-03-16	02	05	16	18	19	
2019-03-15	09	10	12	25	27	
2019-03-14	01	05	09	26	32	
2019-03-13	04	10	16	21	35	
2019-03-12	11	16	17	29	32	
2019-03-11	07	10	19	24	32	
2019-03-10	01	07	11	18	34	


Lottologia.com
